LowerImageLimit = {
	1499, 1499, 1499, 1499, 1499, 1499, 1499, 1499, 1499, 1499, 1499, 1499, 1499, 1499, 1499, 1499, 1499, 1499, 1499, 1499, 1499, 1499, 1499, 1499, 1499, 1499, 1499, 1499, 1499, 1499, 1499, 1499,
	1499, 1499, 1499, 1499, 1499, 1499, 1499, 1499, 1499, 1499, 1499, 1499, 1499, 1499, 1499, 1499, 1499, 1499, 1499, 1499, 1499, 1499, 1499, 1499, 1499, 1499, 1499, 1499, 1499, 1499, 1499, 1499,
	1499, 1499, 1499, 1499, 1499, 1499, 1499, 1499, 1499, 1499, 1499, 1499, 1499, 1499, 1499, 1499, 1499, 1499, 1499, 1499, 1499, 1499, 1499, 1499, 1499, 1499, 1499, 1499, 1499, 1499, 1499, 1499,
	1499, 1499, 1499, 1499, 1499, 1499, 1499, 1499, 1499, 1499, 1499, 1499, 1499, 1499, 1499, 1499, 1499, 1499, 1499, 1499, 1499, 1499, 1499, 1499, 1499, 1499, 1499, 1499, 1499, 1499, 1499, 1499,
	1499, 1499, 1499, 1499, 1499, 1499, 1499, 1499, 1499, 1499, 1499, 1499, 1499, 1499, 1499, 1499, 1499, 1499, 1499, 1499, 1499, 1499, 1499, 1499, 1499, 1499, 1499, 1499, 1499, 1499, 1499, 1499,
	1499, 1499, 1499, 1499, 1499, 1499, 1499, 1499, 1499, 1499, 1499, 1499, 1499, 1499, 1499, 1499, 1499, 1499, 1499, 1499, 1499, 1499, 1499, 1499, 1499, 1499, 1499, 1499, 1499, 1499, 1499, 1499,
	1499, 1499, 1499, 1499, 1499, 1499, 1499, 1499, 1499, 1499, 1499, 1499, 1499, 1499, 1499, 1499, 1499, 1499, 1499, 1499, 1499, 1499, 1499, 1499, 1499, 1499, 1499, 1499, 1499, 1499, 1499, 1499,
	1499, 1499, 1499, 1499, 1499, 1499, 1499, 1499, 1499, 1499, 1499, 1499, 1499, 1499, 1499, 1499, 1499, 1499, 1499, 1499, 1499, 1499, 1499, 1499, 1499, 1499, 1499, 1499, 1499, 1499, 1499, 1499,
	1499, 1499, 1499, 1499, 1499, 1499, 1499, 1499, 1499, 1499, 1499, 1499, 1499, 1499, 1499, 1499, 1499, 1499, 1499, 1499, 1499, 1499, 1499, 1499, 1499, 1499, 1499, 1499, 1499, 1499, 1499, 1499,
	1499, 1499, 1499, 1499, 1499, 1499, 1499, 1499, 1499, 1499, 1499, 1499, 1499, 1499, 1499, 1499, 1499, 1499, 1499, 1499, 1499, 1499, 1499, 1499, 1499, 1499, 1499, 1499, 1499, 1499, 1499, 1499,
	1499, 1499, 1499, 1499, 1499, 1499, 1499, 1499, 1499, 1499, 1499, 1499, 1499, 1499, 1499, 1499, 1499, 1499, 1499, 1499, 1499, 1499, 1499, 1499, 1499, 1499, 1499, 1499, 1499, 1499, 1499, 1499,
	1499, 1499, 1499, 1499, 1499, 1499, 1499, 1499, 1499, 1499, 1499, 1499, 1499, 1499, 1499, 1499, 1499, 1499, 1499, 1499, 1499, 1499, 1499, 1499, 1499, 1499, 1499, 1499, 1499, 1499, 1499, 1499,
	1499, 1499, 1499, 1499, 1499, 1499, 1499, 1499, 1499, 1499, 1499, 1499, 1499, 1499, 1499, 1499, 1499, 1499, 1499, 1499, 1499, 1499, 1499, 1499, 1499, 1499, 1499, 1499, 1499, 1499, 1499, 1499,
	1499, 1499, 1499, 1499, 1499, 1499, 1499, 1499, 1499, 1499, 1499, 1499, 1499, 1499, 1499, 1499, 1499, 1499, 1499, 1499, 1499, 1499, 1499, 1499, 1499, 1499, 1499, 1499, 1499, 1499, 1499, 1499,
	1499, 1499, 1499, 1499, 1499, 1499, 1499, 1499, 1499, 1499, 1499, 1499, 1499, 1499, 1499, 1499, 1499, 1499, 1499, 1499, 1499, 1499, 1499, 1499, 1499, 1499, 1499, 1499, 1499, 1499, 1499, 1499,
	1499, 1499, 1499, 1499, 1499, 1499, 1499, 1499, 1499, 1499, 1499, 1499, 1499, 1499, 1499, 1499, 1499, 1499, 1499, 1499, 1499, 1499, 1499, 1499, 1499, 1499, 1499, 1499, 1499, 1499, 1499, 1499,
	1499, 1499, 1499, 1499, 1499, 1499, 1499, 1499, 1499, 1499, 1499, 1499, 1499, 1499, 1499, 1499, 1499, 1499, 1499, 1499, 1499, 1499, 1499, 1499, 1499, 1499, 1499, 1499, 1499, 1499, 1499, 1499,
	1499, 1499, 1499, 1499, 1499, 1499, 1499, 1499, 1499, 1499, 1499, 1499, 1499, 1499, 1499, 1499, 1499, 1499, 1499, 1499, 1499, 1499, 1499, 1499, 1499, 1499, 1499, 1499, 1499, 1499, 1499, 1499,
	1499, 1499, 1499, 1499, 1499, 1499, 1499, 1499, 1499, 1499, 1499, 1499, 1499, 1499, 1499, 1499, 1499, 1499, 1499, 1499, 1499, 1499, 1499, 1499, 1499, 1499, 1499, 1499, 1499, 1499, 1499, 1499,
	1499, 1499, 1499, 1499, 1499, 1499, 1499, 1499, 1499, 1499, 1499, 1499, 1499, 1499, 1499, 1499, 1499, 1499, 1499, 1499, 1499, 1499, 1499, 1499, 1499, 1499, 1499, 1499, 1499, 1499, 1499, 1499,
	1499, 1499, 1499, 1499, 1499, 1499, 1499, 1499, 1499, 1499, 1499, 1499, 1499, 1499, 1499, 1499, 1499, 1499, 1499, 1499, 1499, 1499, 1499, 1499, 1499, 1499, 1499, 1499, 1499, 1499, 1499, 1499,
	1499, 1499, 1499, 1499, 1499, 1499, 1499, 1499, 1499, 1499, 1499, 1499, 1499, 1499, 1499, 1499, 1499, 1499, 1499, 1499, 1499, 1499, 1499, 1499, 1499, 1499, 1499, 1499, 1499, 1499, 1499, 1499,
	1499, 1499, 1499, 1499, 1499, 1499, 1499, 1499, 1499, 1499, 1499, 1499, 1499, 1499, 1499, 1499, 1499, 1499, 1499, 1499, 1499, 1499, 1499, 1499, 1499, 1499, 1499, 1499, 1499, 1499, 1499, 1499,
	1499, 1499, 1499, 1499, 1499, 1499, 1499, 1499, 1499, 1499, 1499, 1499, 1499, 1499, 1499, 1499, 1499, 1499, 1499, 1499, 1499, 1499, 1499, 1499, 1499, 1499, 1499, 1499, 1499, 1499, 1499, 1499,
	1499, 1499, 1499, 1499, 1499, 1499, 1499, 1499, 1499, 1499, 1499, 1499, 1499, 1499, 1499, 1499, 1499, 1499, 1499, 1499, 1499, 1499, 1499, 1499, 1499, 1499, 1499, 1499, 1499, 1499, 1499, 1499,
	1499, 1499, 1499, 1499, 1499, 1499, 1499, 1499, 1499, 1499, 1499, 1499, 1499, 1499, 1499, 1499, 1499, 1499, 1499, 1499, 1499, 1499, 1499, 1499, 1499, 1499, 1499, 1499, 1499, 1499, 1499, 1499,
	1499, 1499, 1499, 1499, 1499, 1499, 1499, 1499, 1499, 1499, 1499, 1499, 1499, 1499, 1499, 1499, 1499, 1499, 1499, 1499, 1499, 1499, 1499, 1499, 1499, 1499, 1499, 1499, 1499, 1499, 1499, 1499,
	1499, 1499, 1499, 1499, 1499, 1499, 1499, 1499, 1499, 1499, 1499, 1499, 1499, 1499, 1499, 1499, 1499, 1499, 1499, 1499, 1499, 1499, 1499, 1499, 1499, 1499, 1499, 1499, 1499, 1499, 1499, 1499,
	1499, 1499, 1499, 1499, 1499, 1499, 1499, 1499, 1499, 1499, 1499, 1499, 1499, 1499, 1499, 1499, 1499, 1499, 1499, 1499, 1499, 1499, 1499, 1499, 1499, 1499, 1499, 1499, 1499, 1499, 1499, 1499,
	1499, 1499, 1499, 1499, 1499, 1499, 1499, 1499, 1499, 1499, 1499, 1499, 1499, 1499, 1499, 1499, 1499, 1499, 1499, 1499, 1499, 1499, 1499, 1499, 1499, 1499, 1499, 1499, 1499, 1499, 1499, 1499,
	1499, 1499, 1499, 1499, 1499, 1499, 1499, 1499, 1499, 1499, 1499, 1499, 1499, 1499, 1499, 1499, 1499, 1499, 1499, 1499, 1499, 1499, 1499, 1499, 1499, 1499, 1499, 1499, 1499, 1499, 1499, 1499,
	1499, 1499, 1499, 1499, 1499, 1499, 1499, 1499, 1499, 1499, 1499, 1499, 1499, 1499, 1499, 1499, 1499, 1499, 1499, 1499, 1499, 1499, 1499, 1499, 1499, 1499, 1499, 1499, 1499, 1499, 1499, 1499,
}
UpperImageLimit = {
	2995, 2995, 2995, 2995, 2995, 2995, 2995, 2995, 2995, 2995, 2995, 2995, 2995, 2995, 2995, 2995, 2995, 2995, 2995, 2995, 2995, 2995, 2995, 2995, 2995, 2995, 2995, 2995, 2995, 2995, 2995, 2995,
	2995, 2995, 2995, 2995, 2995, 2995, 2995, 2995, 2995, 2995, 2995, 2995, 2995, 2995, 2995, 2995, 2995, 2995, 2995, 2995, 2995, 2995, 2995, 2995, 2995, 2995, 2995, 2995, 2995, 2995, 2995, 2995,
	2995, 2995, 2995, 2995, 2995, 2995, 2995, 2995, 2995, 2995, 2995, 2995, 2995, 2995, 2995, 2995, 2995, 2995, 2995, 2995, 2995, 2995, 2995, 2995, 2995, 2995, 2995, 2995, 2995, 2995, 2995, 2995,
	2995, 2995, 2995, 2995, 2995, 2995, 2995, 2995, 2995, 2995, 2995, 2995, 2995, 2995, 2995, 2995, 2995, 2995, 2995, 2995, 2995, 2995, 2995, 2995, 2995, 2995, 2995, 2995, 2995, 2995, 2995, 2995,
	2995, 2995, 2995, 2995, 2995, 2995, 2995, 2995, 2995, 2995, 2995, 2995, 2995, 2995, 2995, 2995, 2995, 2995, 2995, 2995, 2995, 2995, 2995, 2995, 2995, 2995, 2995, 2995, 2995, 2995, 2995, 2995,
	2995, 2995, 2995, 2995, 2995, 2995, 2995, 2995, 2995, 2995, 2995, 2995, 2995, 2995, 2995, 2995, 2995, 2995, 2995, 2995, 2995, 2995, 2995, 2995, 2995, 2995, 2995, 2995, 2995, 2995, 2995, 2995,
	2995, 2995, 2995, 2995, 2995, 2995, 2995, 2995, 2995, 2995, 2995, 2995, 2995, 2995, 2995, 2995, 2995, 2995, 2995, 2995, 2995, 2995, 2995, 2995, 2995, 2995, 2995, 2995, 2995, 2995, 2995, 2995,
	2995, 2995, 2995, 2995, 2995, 2995, 2995, 2995, 2995, 2995, 2995, 2995, 2995, 2995, 2995, 2995, 2995, 2995, 2995, 2995, 2995, 2995, 2995, 2995, 2995, 2995, 2995, 2995, 2995, 2995, 2995, 2995,
	2995, 2995, 2995, 2995, 2995, 2995, 2995, 2995, 2995, 2995, 2995, 2995, 2995, 2995, 2995, 2995, 2995, 2995, 2995, 2995, 2995, 2995, 2995, 2995, 2995, 2995, 2995, 2995, 2995, 2995, 2995, 2995,
	2995, 2995, 2995, 2995, 2995, 2995, 2995, 2995, 2995, 2995, 2995, 2995, 2995, 2995, 2995, 2995, 2995, 2995, 2995, 2995, 2995, 2995, 2995, 2995, 2995, 2995, 2995, 2995, 2995, 2995, 2995, 2995,
	2995, 2995, 2995, 2995, 2995, 2995, 2995, 2995, 2995, 2995, 2995, 2995, 2995, 2995, 2995, 2995, 2995, 2995, 2995, 2995, 2995, 2995, 2995, 2995, 2995, 2995, 2995, 2995, 2995, 2995, 2995, 2995,
	2995, 2995, 2995, 2995, 2995, 2995, 2995, 2995, 2995, 2995, 2995, 2995, 2995, 2995, 2995, 2995, 2995, 2995, 2995, 2995, 2995, 2995, 2995, 2995, 2995, 2995, 2995, 2995, 2995, 2995, 2995, 2995,
	2995, 2995, 2995, 2995, 2995, 2995, 2995, 2995, 2995, 2995, 2995, 2995, 2995, 2995, 2995, 2995, 2995, 2995, 2995, 2995, 2995, 2995, 2995, 2995, 2995, 2995, 2995, 2995, 2995, 2995, 2995, 2995,
	2995, 2995, 2995, 2995, 2995, 2995, 2995, 2995, 2995, 2995, 2995, 2995, 2995, 2995, 2995, 2995, 2995, 2995, 2995, 2995, 2995, 2995, 2995, 2995, 2995, 2995, 2995, 2995, 2995, 2995, 2995, 2995,
	2995, 2995, 2995, 2995, 2995, 2995, 2995, 2995, 2995, 2995, 2995, 2995, 2995, 2995, 2995, 2995, 2995, 2995, 2995, 2995, 2995, 2995, 2995, 2995, 2995, 2995, 2995, 2995, 2995, 2995, 2995, 2995,
	2995, 2995, 2995, 2995, 2995, 2995, 2995, 2995, 2995, 2995, 2995, 2995, 2995, 2995, 2995, 2995, 2995, 2995, 2995, 2995, 2995, 2995, 2995, 2995, 2995, 2995, 2995, 2995, 2995, 2995, 2995, 2995,
	2995, 2995, 2995, 2995, 2995, 2995, 2995, 2995, 2995, 2995, 2995, 2995, 2995, 2995, 2995, 2995, 2995, 2995, 2995, 2995, 2995, 2995, 2995, 2995, 2995, 2995, 2995, 2995, 2995, 2995, 2995, 2995,
	2995, 2995, 2995, 2995, 2995, 2995, 2995, 2995, 2995, 2995, 2995, 2995, 2995, 2995, 2995, 2995, 2995, 2995, 2995, 2995, 2995, 2995, 2995, 2995, 2995, 2995, 2995, 2995, 2995, 2995, 2995, 2995,
	2995, 2995, 2995, 2995, 2995, 2995, 2995, 2995, 2995, 2995, 2995, 2995, 2995, 2995, 2995, 2995, 2995, 2995, 2995, 2995, 2995, 2995, 2995, 2995, 2995, 2995, 2995, 2995, 2995, 2995, 2995, 2995,
	2995, 2995, 2995, 2995, 2995, 2995, 2995, 2995, 2995, 2995, 2995, 2995, 2995, 2995, 2995, 2995, 2995, 2995, 2995, 2995, 2995, 2995, 2995, 2995, 2995, 2995, 2995, 2995, 2995, 2995, 2995, 2995,
	2995, 2995, 2995, 2995, 2995, 2995, 2995, 2995, 2995, 2995, 2995, 2995, 2995, 2995, 2995, 2995, 2995, 2995, 2995, 2995, 2995, 2995, 2995, 2995, 2995, 2995, 2995, 2995, 2995, 2995, 2995, 2995,
	2995, 2995, 2995, 2995, 2995, 2995, 2995, 2995, 2995, 2995, 2995, 2995, 2995, 2995, 2995, 2995, 2995, 2995, 2995, 2995, 2995, 2995, 2995, 2995, 2995, 2995, 2995, 2995, 2995, 2995, 2995, 2995,
	2995, 2995, 2995, 2995, 2995, 2995, 2995, 2995, 2995, 2995, 2995, 2995, 2995, 2995, 2995, 2995, 2995, 2995, 2995, 2995, 2995, 2995, 2995, 2995, 2995, 2995, 2995, 2995, 2995, 2995, 2995, 2995,
	2995, 2995, 2995, 2995, 2995, 2995, 2995, 2995, 2995, 2995, 2995, 2995, 2995, 2995, 2995, 2995, 2995, 2995, 2995, 2995, 2995, 2995, 2995, 2995, 2995, 2995, 2995, 2995, 2995, 2995, 2995, 2995,
	2995, 2995, 2995, 2995, 2995, 2995, 2995, 2995, 2995, 2995, 2995, 2995, 2995, 2995, 2995, 2995, 2995, 2995, 2995, 2995, 2995, 2995, 2995, 2995, 2995, 2995, 2995, 2995, 2995, 2995, 2995, 2995,
	2995, 2995, 2995, 2995, 2995, 2995, 2995, 2995, 2995, 2995, 2995, 2995, 2995, 2995, 2995, 2995, 2995, 2995, 2995, 2995, 2995, 2995, 2995, 2995, 2995, 2995, 2995, 2995, 2995, 2995, 2995, 2995,
	2995, 2995, 2995, 2995, 2995, 2995, 2995, 2995, 2995, 2995, 2995, 2995, 2995, 2995, 2995, 2995, 2995, 2995, 2995, 2995, 2995, 2995, 2995, 2995, 2995, 2995, 2995, 2995, 2995, 2995, 2995, 2995,
	2995, 2995, 2995, 2995, 2995, 2995, 2995, 2995, 2995, 2995, 2995, 2995, 2995, 2995, 2995, 2995, 2995, 2995, 2995, 2995, 2995, 2995, 2995, 2995, 2995, 2995, 2995, 2995, 2995, 2995, 2995, 2995,
	2995, 2995, 2995, 2995, 2995, 2995, 2995, 2995, 2995, 2995, 2995, 2995, 2995, 2995, 2995, 2995, 2995, 2995, 2995, 2995, 2995, 2995, 2995, 2995, 2995, 2995, 2995, 2995, 2995, 2995, 2995, 2995,
	2995, 2995, 2995, 2995, 2995, 2995, 2995, 2995, 2995, 2995, 2995, 2995, 2995, 2995, 2995, 2995, 2995, 2995, 2995, 2995, 2995, 2995, 2995, 2995, 2995, 2995, 2995, 2995, 2995, 2995, 2995, 2995,
	2995, 2995, 2995, 2995, 2995, 2995, 2995, 2995, 2995, 2995, 2995, 2995, 2995, 2995, 2995, 2995, 2995, 2995, 2995, 2995, 2995, 2995, 2995, 2995, 2995, 2995, 2995, 2995, 2995, 2995, 2995, 2995,
	2995, 2995, 2995, 2995, 2995, 2995, 2995, 2995, 2995, 2995, 2995, 2995, 2995, 2995, 2995, 2995, 2995, 2995, 2995, 2995, 2995, 2995, 2995, 2995, 2995, 2995, 2995, 2995, 2995, 2995, 2995, 2995,
}
ADCLowerImageLimit = {
	25, 25, 25, 25, 25, 25, 25, 25, 25, 25, 25, 25, 25, 25, 25, 25, 25, 25, 25, 25, 25, 25, 25, 25, 25, 25, 25, 25, 25, 25, 25, 25,
	25, 25, 25, 25, 25, 25, 25, 25, 25, 25, 25, 25, 25, 25, 25, 25, 25, 25, 25, 25, 25, 25, 25, 25, 25, 25, 25, 25, 25, 25, 25, 25,
	25, 25, 25, 25, 25, 25, 25, 25, 25, 25, 25, 25, 25, 25, 25, 25, 25, 25, 25, 25, 25, 25, 25, 25, 25, 25, 25, 25, 25, 25, 25, 25,
	25, 25, 25, 25, 25, 25, 25, 25, 25, 25, 25, 25, 25, 25, 25, 25, 25, 25, 25, 25, 25, 25, 25, 25, 25, 25, 25, 25, 25, 25, 25, 25,
	25, 25, 25, 25, 25, 25, 25, 25, 25, 25, 25, 25, 25, 25, 25, 25, 25, 25, 25, 25, 25, 25, 25, 25, 25, 25, 25, 25, 25, 25, 25, 25,
	25, 25, 25, 25, 25, 25, 25, 25, 25, 25, 25, 25, 25, 25, 25, 25, 25, 25, 25, 25, 25, 25, 25, 25, 25, 25, 25, 25, 25, 25, 25, 25,
	25, 25, 25, 25, 25, 25, 25, 25, 25, 25, 25, 25, 25, 25, 25, 25, 25, 25, 25, 25, 25, 25, 25, 25, 25, 25, 25, 25, 25, 25, 25, 25,
	25, 25, 25, 25, 25, 25, 25, 25, 25, 25, 25, 25, 25, 25, 25, 25, 25, 25, 25, 25, 25, 25, 25, 25, 25, 25, 25, 25, 25, 25, 25, 25,
	25, 25, 25, 25, 25, 25, 25, 25, 25, 25, 25, 25, 25, 25, 25, 25, 25, 25, 25, 25, 25, 25, 25, 25, 25, 25, 25, 25, 25, 25, 25, 25,
	25, 25, 25, 25, 25, 25, 25, 25, 25, 25, 25, 25, 25, 25, 25, 25, 25, 25, 25, 25, 25, 25, 25, 25, 25, 25, 25, 25, 25, 25, 25, 25,
	25, 25, 25, 25, 25, 25, 25, 25, 25, 25, 25, 25, 25, 25, 25, 25, 25, 25, 25, 25, 25, 25, 25, 25, 25, 25, 25, 25, 25, 25, 25, 25,
	25, 25, 25, 25, 25, 25, 25, 25, 25, 25, 25, 25, 25, 25, 25, 25, 25, 25, 25, 25, 25, 25, 25, 25, 25, 25, 25, 25, 25, 25, 25, 25,
	25, 25, 25, 25, 25, 25, 25, 25, 25, 25, 25, 25, 25, 25, 25, 25, 25, 25, 25, 25, 25, 25, 25, 25, 25, 25, 25, 25, 25, 25, 25, 25,
	25, 25, 25, 25, 25, 25, 25, 25, 25, 25, 25, 25, 25, 25, 25, 25, 25, 25, 25, 25, 25, 25, 25, 25, 25, 25, 25, 25, 25, 25, 25, 25,
	25, 25, 25, 25, 25, 25, 25, 25, 25, 25, 25, 25, 25, 25, 25, 25, 25, 25, 25, 25, 25, 25, 25, 25, 25, 25, 25, 25, 25, 25, 25, 25,
	25, 25, 25, 25, 25, 25, 25, 25, 25, 25, 25, 25, 25, 25, 25, 25, 25, 25, 25, 25, 25, 25, 25, 25, 25, 25, 25, 25, 25, 25, 25, 25,
	25, 25, 25, 25, 25, 25, 25, 25, 25, 25, 25, 25, 25, 25, 25, 25, 25, 25, 25, 25, 25, 25, 25, 25, 25, 25, 25, 25, 25, 25, 25, 25,
	25, 25, 25, 25, 25, 25, 25, 25, 25, 25, 25, 25, 25, 25, 25, 25, 25, 25, 25, 25, 25, 25, 25, 25, 25, 25, 25, 25, 25, 25, 25, 25,
	25, 25, 25, 25, 25, 25, 25, 25, 25, 25, 25, 25, 25, 25, 25, 25, 25, 25, 25, 25, 25, 25, 25, 25, 25, 25, 25, 25, 25, 25, 25, 25,
	25, 25, 25, 25, 25, 25, 25, 25, 25, 25, 25, 25, 25, 25, 25, 25, 25, 25, 25, 25, 25, 25, 25, 25, 25, 25, 25, 25, 25, 25, 25, 25,
	25, 25, 25, 25, 25, 25, 25, 25, 25, 25, 25, 25, 25, 25, 25, 25, 25, 25, 25, 25, 25, 25, 25, 25, 25, 25, 25, 25, 25, 25, 25, 25,
	25, 25, 25, 25, 25, 25, 25, 25, 25, 25, 25, 25, 25, 25, 25, 25, 25, 25, 25, 25, 25, 25, 25, 25, 25, 25, 25, 25, 25, 25, 25, 25,
	25, 25, 25, 25, 25, 25, 25, 25, 25, 25, 25, 25, 25, 25, 25, 25, 25, 25, 25, 25, 25, 25, 25, 25, 25, 25, 25, 25, 25, 25, 25, 25,
	25, 25, 25, 25, 25, 25, 25, 25, 25, 25, 25, 25, 25, 25, 25, 25, 25, 25, 25, 25, 25, 25, 25, 25, 25, 25, 25, 25, 25, 25, 25, 25,
	25, 25, 25, 25, 25, 25, 25, 25, 25, 25, 25, 25, 25, 25, 25, 25, 25, 25, 25, 25, 25, 25, 25, 25, 25, 25, 25, 25, 25, 25, 25, 25,
	25, 25, 25, 25, 25, 25, 25, 25, 25, 25, 25, 25, 25, 25, 25, 25, 25, 25, 25, 25, 25, 25, 25, 25, 25, 25, 25, 25, 25, 25, 25, 25,
	25, 25, 25, 25, 25, 25, 25, 25, 25, 25, 25, 25, 25, 25, 25, 25, 25, 25, 25, 25, 25, 25, 25, 25, 25, 25, 25, 25, 25, 25, 25, 25,
	25, 25, 25, 25, 25, 25, 25, 25, 25, 25, 25, 25, 25, 25, 25, 25, 25, 25, 25, 25, 25, 25, 25, 25, 25, 25, 25, 25, 25, 25, 25, 25,
	25, 25, 25, 25, 25, 25, 25, 25, 25, 25, 25, 25, 25, 25, 25, 25, 25, 25, 25, 25, 25, 25, 25, 25, 25, 25, 25, 25, 25, 25, 25, 25,
	25, 25, 25, 25, 25, 25, 25, 25, 25, 25, 25, 25, 25, 25, 25, 25, 25, 25, 25, 25, 25, 25, 25, 25, 25, 25, 25, 25, 25, 25, 25, 25,
	25, 25, 25, 25, 25, 25, 25, 25, 25, 25, 25, 25, 25, 25, 25, 25, 25, 25, 25, 25, 25, 25, 25, 25, 25, 25, 25, 25, 25, 25, 25, 25,
	25, 25, 25, 25, 25, 25, 25, 25, 25, 25, 25, 25, 25, 25, 25, 25, 25, 25, 25, 25, 25, 25, 25, 25, 25, 25, 25, 25, 25, 25, 25, 25,
}
ADCUpperImageLimit = {
	230, 230, 230, 230, 230, 230, 230, 230, 230, 230, 230, 230, 230, 230, 230, 230, 230, 230, 230, 230, 230, 230, 230, 230, 230, 230, 230, 230, 230, 230, 230, 230,
	230, 230, 230, 230, 230, 230, 230, 230, 230, 230, 230, 230, 230, 230, 230, 230, 230, 230, 230, 230, 230, 230, 230, 230, 230, 230, 230, 230, 230, 230, 230, 230,
	230, 230, 230, 230, 230, 230, 230, 230, 230, 230, 230, 230, 230, 230, 230, 230, 230, 230, 230, 230, 230, 230, 230, 230, 230, 230, 230, 230, 230, 230, 230, 230,
	230, 230, 230, 230, 230, 230, 230, 230, 230, 230, 230, 230, 230, 230, 230, 230, 230, 230, 230, 230, 230, 230, 230, 230, 230, 230, 230, 230, 230, 230, 230, 230,
	230, 230, 230, 230, 230, 230, 230, 230, 230, 230, 230, 230, 230, 230, 230, 230, 230, 230, 230, 230, 230, 230, 230, 230, 230, 230, 230, 230, 230, 230, 230, 230,
	230, 230, 230, 230, 230, 230, 230, 230, 230, 230, 230, 230, 230, 230, 230, 230, 230, 230, 230, 230, 230, 230, 230, 230, 230, 230, 230, 230, 230, 230, 230, 230,
	230, 230, 230, 230, 230, 230, 230, 230, 230, 230, 230, 230, 230, 230, 230, 230, 230, 230, 230, 230, 230, 230, 230, 230, 230, 230, 230, 230, 230, 230, 230, 230,
	230, 230, 230, 230, 230, 230, 230, 230, 230, 230, 230, 230, 230, 230, 230, 230, 230, 230, 230, 230, 230, 230, 230, 230, 230, 230, 230, 230, 230, 230, 230, 230,
	230, 230, 230, 230, 230, 230, 230, 230, 230, 230, 230, 230, 230, 230, 230, 230, 230, 230, 230, 230, 230, 230, 230, 230, 230, 230, 230, 230, 230, 230, 230, 230,
	230, 230, 230, 230, 230, 230, 230, 230, 230, 230, 230, 230, 230, 230, 230, 230, 230, 230, 230, 230, 230, 230, 230, 230, 230, 230, 230, 230, 230, 230, 230, 230,
	230, 230, 230, 230, 230, 230, 230, 230, 230, 230, 230, 230, 230, 230, 230, 230, 230, 230, 230, 230, 230, 230, 230, 230, 230, 230, 230, 230, 230, 230, 230, 230,
	230, 230, 230, 230, 230, 230, 230, 230, 230, 230, 230, 230, 230, 230, 230, 230, 230, 230, 230, 230, 230, 230, 230, 230, 230, 230, 230, 230, 230, 230, 230, 230,
	230, 230, 230, 230, 230, 230, 230, 230, 230, 230, 230, 230, 230, 230, 230, 230, 230, 230, 230, 230, 230, 230, 230, 230, 230, 230, 230, 230, 230, 230, 230, 230,
	230, 230, 230, 230, 230, 230, 230, 230, 230, 230, 230, 230, 230, 230, 230, 230, 230, 230, 230, 230, 230, 230, 230, 230, 230, 230, 230, 230, 230, 230, 230, 230,
	230, 230, 230, 230, 230, 230, 230, 230, 230, 230, 230, 230, 230, 230, 230, 230, 230, 230, 230, 230, 230, 230, 230, 230, 230, 230, 230, 230, 230, 230, 230, 230,
	230, 230, 230, 230, 230, 230, 230, 230, 230, 230, 230, 230, 230, 230, 230, 230, 230, 230, 230, 230, 230, 230, 230, 230, 230, 230, 230, 230, 230, 230, 230, 230,
	230, 230, 230, 230, 230, 230, 230, 230, 230, 230, 230, 230, 230, 230, 230, 230, 230, 230, 230, 230, 230, 230, 230, 230, 230, 230, 230, 230, 230, 230, 230, 230,
	230, 230, 230, 230, 230, 230, 230, 230, 230, 230, 230, 230, 230, 230, 230, 230, 230, 230, 230, 230, 230, 230, 230, 230, 230, 230, 230, 230, 230, 230, 230, 230,
	230, 230, 230, 230, 230, 230, 230, 230, 230, 230, 230, 230, 230, 230, 230, 230, 230, 230, 230, 230, 230, 230, 230, 230, 230, 230, 230, 230, 230, 230, 230, 230,
	230, 230, 230, 230, 230, 230, 230, 230, 230, 230, 230, 230, 230, 230, 230, 230, 230, 230, 230, 230, 230, 230, 230, 230, 230, 230, 230, 230, 230, 230, 230, 230,
	230, 230, 230, 230, 230, 230, 230, 230, 230, 230, 230, 230, 230, 230, 230, 230, 230, 230, 230, 230, 230, 230, 230, 230, 230, 230, 230, 230, 230, 230, 230, 230,
	230, 230, 230, 230, 230, 230, 230, 230, 230, 230, 230, 230, 230, 230, 230, 230, 230, 230, 230, 230, 230, 230, 230, 230, 230, 230, 230, 230, 230, 230, 230, 230,
	230, 230, 230, 230, 230, 230, 230, 230, 230, 230, 230, 230, 230, 230, 230, 230, 230, 230, 230, 230, 230, 230, 230, 230, 230, 230, 230, 230, 230, 230, 230, 230,
	230, 230, 230, 230, 230, 230, 230, 230, 230, 230, 230, 230, 230, 230, 230, 230, 230, 230, 230, 230, 230, 230, 230, 230, 230, 230, 230, 230, 230, 230, 230, 230,
	230, 230, 230, 230, 230, 230, 230, 230, 230, 230, 230, 230, 230, 230, 230, 230, 230, 230, 230, 230, 230, 230, 230, 230, 230, 230, 230, 230, 230, 230, 230, 230,
	230, 230, 230, 230, 230, 230, 230, 230, 230, 230, 230, 230, 230, 230, 230, 230, 230, 230, 230, 230, 230, 230, 230, 230, 230, 230, 230, 230, 230, 230, 230, 230,
	230, 230, 230, 230, 230, 230, 230, 230, 230, 230, 230, 230, 230, 230, 230, 230, 230, 230, 230, 230, 230, 230, 230, 230, 230, 230, 230, 230, 230, 230, 230, 230,
	230, 230, 230, 230, 230, 230, 230, 230, 230, 230, 230, 230, 230, 230, 230, 230, 230, 230, 230, 230, 230, 230, 230, 230, 230, 230, 230, 230, 230, 230, 230, 230,
	230, 230, 230, 230, 230, 230, 230, 230, 230, 230, 230, 230, 230, 230, 230, 230, 230, 230, 230, 230, 230, 230, 230, 230, 230, 230, 230, 230, 230, 230, 230, 230,
	230, 230, 230, 230, 230, 230, 230, 230, 230, 230, 230, 230, 230, 230, 230, 230, 230, 230, 230, 230, 230, 230, 230, 230, 230, 230, 230, 230, 230, 230, 230, 230,
	230, 230, 230, 230, 230, 230, 230, 230, 230, 230, 230, 230, 230, 230, 230, 230, 230, 230, 230, 230, 230, 230, 230, 230, 230, 230, 230, 230, 230, 230, 230, 230,
	230, 230, 230, 230, 230, 230, 230, 230, 230, 230, 230, 230, 230, 230, 230, 230, 230, 230, 230, 230, 230, 230, 230, 230, 230, 230, 230, 230, 230, 230, 230, 230,
}
SensorSpeedLowerImageLimit = {
	-500, -500, -500, -500, -500, -500, -500, -500, -500, -500, -500, -500, -500, -500, -500, -500, -500, -500, -500, -500, -500, -500, -500, -500, -500, -500, -500, -500, -500, -500, -500, -500,
	-500, -500, -500, -500, -500, -500, -500, -500, -500, -500, -500, -500, -500, -500, -500, -500, -500, -500, -500, -500, -500, -500, -500, -500, -500, -500, -500, -500, -500, -500, -500, -500,
	-500, -500, -500, -500, -500, -500, -500, -500, -500, -500, -500, -500, -500, -500, -500, -500, -500, -500, -500, -500, -500, -500, -500, -500, -500, -500, -500, -500, -500, -500, -500, -500,
	-500, -500, -500, -500, -500, -500, -500, -500, -500, -500, -500, -500, -500, -500, -500, -500, -500, -500, -500, -500, -500, -500, -500, -500, -500, -500, -500, -500, -500, -500, -500, -500,
	-500, -500, -500, -500, -500, -500, -500, -500, -500, -500, -500, -500, -500, -500, -500, -500, -500, -500, -500, -500, -500, -500, -500, -500, -500, -500, -500, -500, -500, -500, -500, -500,
	-500, -500, -500, -500, -500, -500, -500, -500, -500, -500, -500, -500, -500, -500, -500, -500, -500, -500, -500, -500, -500, -500, -500, -500, -500, -500, -500, -500, -500, -500, -500, -500,
	-500, -500, -500, -500, -500, -500, -500, -500, -500, -500, -500, -500, -500, -500, -500, -500, -500, -500, -500, -500, -500, -500, -500, -500, -500, -500, -500, -500, -500, -500, -500, -500,
	-500, -500, -500, -500, -500, -500, -500, -500, -500, -500, -500, -500, -500, -500, -500, -500, -500, -500, -500, -500, -500, -500, -500, -500, -500, -500, -500, -500, -500, -500, -500, -500,
	-500, -500, -500, -500, -500, -500, -500, -500, -500, -500, -500, -500, -500, -500, -500, -500, -500, -500, -500, -500, -500, -500, -500, -500, -500, -500, -500, -500, -500, -500, -500, -500,
	-500, -500, -500, -500, -500, -500, -500, -500, -500, -500, -500, -500, -500, -500, -500, -500, -500, -500, -500, -500, -500, -500, -500, -500, -500, -500, -500, -500, -500, -500, -500, -500,
	-500, -500, -500, -500, -500, -500, -500, -500, -500, -500, -500, -500, -500, -500, -500, -500, -500, -500, -500, -500, -500, -500, -500, -500, -500, -500, -500, -500, -500, -500, -500, -500,
	-500, -500, -500, -500, -500, -500, -500, -500, -500, -500, -500, -500, -500, -500, -500, -500, -500, -500, -500, -500, -500, -500, -500, -500, -500, -500, -500, -500, -500, -500, -500, -500,
	-500, -500, -500, -500, -500, -500, -500, -500, -500, -500, -500, -500, -500, -500, -500, -500, -500, -500, -500, -500, -500, -500, -500, -500, -500, -500, -500, -500, -500, -500, -500, -500,
	-500, -500, -500, -500, -500, -500, -500, -500, -500, -500, -500, -500, -500, -500, -500, -500, -500, -500, -500, -500, -500, -500, -500, -500, -500, -500, -500, -500, -500, -500, -500, -500,
	-500, -500, -500, -500, -500, -500, -500, -500, -500, -500, -500, -500, -500, -500, -500, -500, -500, -500, -500, -500, -500, -500, -500, -500, -500, -500, -500, -500, -500, -500, -500, -500,
	-500, -500, -500, -500, -500, -500, -500, -500, -500, -500, -500, -500, -500, -500, -500, -500, -500, -500, -500, -500, -500, -500, -500, -500, -500, -500, -500, -500, -500, -500, -500, -500,
	-500, -500, -500, -500, -500, -500, -500, -500, -500, -500, -500, -500, -500, -500, -500, -500, -500, -500, -500, -500, -500, -500, -500, -500, -500, -500, -500, -500, -500, -500, -500, -500,
	-500, -500, -500, -500, -500, -500, -500, -500, -500, -500, -500, -500, -500, -500, -500, -500, -500, -500, -500, -500, -500, -500, -500, -500, -500, -500, -500, -500, -500, -500, -500, -500,
	-500, -500, -500, -500, -500, -500, -500, -500, -500, -500, -500, -500, -500, -500, -500, -500, -500, -500, -500, -500, -500, -500, -500, -500, -500, -500, -500, -500, -500, -500, -500, -500,
	-500, -500, -500, -500, -500, -500, -500, -500, -500, -500, -500, -500, -500, -500, -500, -500, -500, -500, -500, -500, -500, -500, -500, -500, -500, -500, -500, -500, -500, -500, -500, -500,
	-500, -500, -500, -500, -500, -500, -500, -500, -500, -500, -500, -500, -500, -500, -500, -500, -500, -500, -500, -500, -500, -500, -500, -500, -500, -500, -500, -500, -500, -500, -500, -500,
	-500, -500, -500, -500, -500, -500, -500, -500, -500, -500, -500, -500, -500, -500, -500, -500, -500, -500, -500, -500, -500, -500, -500, -500, -500, -500, -500, -500, -500, -500, -500, -500,
	-500, -500, -500, -500, -500, -500, -500, -500, -500, -500, -500, -500, -500, -500, -500, -500, -500, -500, -500, -500, -500, -500, -500, -500, -500, -500, -500, -500, -500, -500, -500, -500,
	-500, -500, -500, -500, -500, -500, -500, -500, -500, -500, -500, -500, -500, -500, -500, -500, -500, -500, -500, -500, -500, -500, -500, -500, -500, -500, -500, -500, -500, -500, -500, -500,
	-500, -500, -500, -500, -500, -500, -500, -500, -500, -500, -500, -500, -500, -500, -500, -500, -500, -500, -500, -500, -500, -500, -500, -500, -500, -500, -500, -500, -500, -500, -500, -500,
	-500, -500, -500, -500, -500, -500, -500, -500, -500, -500, -500, -500, -500, -500, -500, -500, -500, -500, -500, -500, -500, -500, -500, -500, -500, -500, -500, -500, -500, -500, -500, -500,
	-500, -500, -500, -500, -500, -500, -500, -500, -500, -500, -500, -500, -500, -500, -500, -500, -500, -500, -500, -500, -500, -500, -500, -500, -500, -500, -500, -500, -500, -500, -500, -500,
	-500, -500, -500, -500, -500, -500, -500, -500, -500, -500, -500, -500, -500, -500, -500, -500, -500, -500, -500, -500, -500, -500, -500, -500, -500, -500, -500, -500, -500, -500, -500, -500,
	-500, -500, -500, -500, -500, -500, -500, -500, -500, -500, -500, -500, -500, -500, -500, -500, -500, -500, -500, -500, -500, -500, -500, -500, -500, -500, -500, -500, -500, -500, -500, -500,
	-500, -500, -500, -500, -500, -500, -500, -500, -500, -500, -500, -500, -500, -500, -500, -500, -500, -500, -500, -500, -500, -500, -500, -500, -500, -500, -500, -500, -500, -500, -500, -500,
	-500, -500, -500, -500, -500, -500, -500, -500, -500, -500, -500, -500, -500, -500, -500, -500, -500, -500, -500, -500, -500, -500, -500, -500, -500, -500, -500, -500, -500, -500, -500, -500,
	-500, -500, -500, -500, -500, -500, -500, -500, -500, -500, -500, -500, -500, -500, -500, -500, -500, -500, -500, -500, -500, -500, -500, -500, -500, -500, -500, -500, -500, -500, -500, -500,
}
SensorSpeedUpperImageLimit = {
	500, 500, 500, 500, 500, 500, 500, 500, 500, 500, 500, 500, 500, 500, 500, 500, 500, 500, 500, 500, 500, 500, 500, 500, 500, 500, 500, 500, 500, 500, 500, 500,
	500, 500, 500, 500, 500, 500, 500, 500, 500, 500, 500, 500, 500, 500, 500, 500, 500, 500, 500, 500, 500, 500, 500, 500, 500, 500, 500, 500, 500, 500, 500, 500,
	500, 500, 500, 500, 500, 500, 500, 500, 500, 500, 500, 500, 500, 500, 500, 500, 500, 500, 500, 500, 500, 500, 500, 500, 500, 500, 500, 500, 500, 500, 500, 500,
	500, 500, 500, 500, 500, 500, 500, 500, 500, 500, 500, 500, 500, 500, 500, 500, 500, 500, 500, 500, 500, 500, 500, 500, 500, 500, 500, 500, 500, 500, 500, 500,
	500, 500, 500, 500, 500, 500, 500, 500, 500, 500, 500, 500, 500, 500, 500, 500, 500, 500, 500, 500, 500, 500, 500, 500, 500, 500, 500, 500, 500, 500, 500, 500,
	500, 500, 500, 500, 500, 500, 500, 500, 500, 500, 500, 500, 500, 500, 500, 500, 500, 500, 500, 500, 500, 500, 500, 500, 500, 500, 500, 500, 500, 500, 500, 500,
	500, 500, 500, 500, 500, 500, 500, 500, 500, 500, 500, 500, 500, 500, 500, 500, 500, 500, 500, 500, 500, 500, 500, 500, 500, 500, 500, 500, 500, 500, 500, 500,
	500, 500, 500, 500, 500, 500, 500, 500, 500, 500, 500, 500, 500, 500, 500, 500, 500, 500, 500, 500, 500, 500, 500, 500, 500, 500, 500, 500, 500, 500, 500, 500,
	500, 500, 500, 500, 500, 500, 500, 500, 500, 500, 500, 500, 500, 500, 500, 500, 500, 500, 500, 500, 500, 500, 500, 500, 500, 500, 500, 500, 500, 500, 500, 500,
	500, 500, 500, 500, 500, 500, 500, 500, 500, 500, 500, 500, 500, 500, 500, 500, 500, 500, 500, 500, 500, 500, 500, 500, 500, 500, 500, 500, 500, 500, 500, 500,
	500, 500, 500, 500, 500, 500, 500, 500, 500, 500, 500, 500, 500, 500, 500, 500, 500, 500, 500, 500, 500, 500, 500, 500, 500, 500, 500, 500, 500, 500, 500, 500,
	500, 500, 500, 500, 500, 500, 500, 500, 500, 500, 500, 500, 500, 500, 500, 500, 500, 500, 500, 500, 500, 500, 500, 500, 500, 500, 500, 500, 500, 500, 500, 500,
	500, 500, 500, 500, 500, 500, 500, 500, 500, 500, 500, 500, 500, 500, 500, 500, 500, 500, 500, 500, 500, 500, 500, 500, 500, 500, 500, 500, 500, 500, 500, 500,
	500, 500, 500, 500, 500, 500, 500, 500, 500, 500, 500, 500, 500, 500, 500, 500, 500, 500, 500, 500, 500, 500, 500, 500, 500, 500, 500, 500, 500, 500, 500, 500,
	500, 500, 500, 500, 500, 500, 500, 500, 500, 500, 500, 500, 500, 500, 500, 500, 500, 500, 500, 500, 500, 500, 500, 500, 500, 500, 500, 500, 500, 500, 500, 500,
	500, 500, 500, 500, 500, 500, 500, 500, 500, 500, 500, 500, 500, 500, 500, 500, 500, 500, 500, 500, 500, 500, 500, 500, 500, 500, 500, 500, 500, 500, 500, 500,
	500, 500, 500, 500, 500, 500, 500, 500, 500, 500, 500, 500, 500, 500, 500, 500, 500, 500, 500, 500, 500, 500, 500, 500, 500, 500, 500, 500, 500, 500, 500, 500,
	500, 500, 500, 500, 500, 500, 500, 500, 500, 500, 500, 500, 500, 500, 500, 500, 500, 500, 500, 500, 500, 500, 500, 500, 500, 500, 500, 500, 500, 500, 500, 500,
	500, 500, 500, 500, 500, 500, 500, 500, 500, 500, 500, 500, 500, 500, 500, 500, 500, 500, 500, 500, 500, 500, 500, 500, 500, 500, 500, 500, 500, 500, 500, 500,
	500, 500, 500, 500, 500, 500, 500, 500, 500, 500, 500, 500, 500, 500, 500, 500, 500, 500, 500, 500, 500, 500, 500, 500, 500, 500, 500, 500, 500, 500, 500, 500,
	500, 500, 500, 500, 500, 500, 500, 500, 500, 500, 500, 500, 500, 500, 500, 500, 500, 500, 500, 500, 500, 500, 500, 500, 500, 500, 500, 500, 500, 500, 500, 500,
	500, 500, 500, 500, 500, 500, 500, 500, 500, 500, 500, 500, 500, 500, 500, 500, 500, 500, 500, 500, 500, 500, 500, 500, 500, 500, 500, 500, 500, 500, 500, 500,
	500, 500, 500, 500, 500, 500, 500, 500, 500, 500, 500, 500, 500, 500, 500, 500, 500, 500, 500, 500, 500, 500, 500, 500, 500, 500, 500, 500, 500, 500, 500, 500,
	500, 500, 500, 500, 500, 500, 500, 500, 500, 500, 500, 500, 500, 500, 500, 500, 500, 500, 500, 500, 500, 500, 500, 500, 500, 500, 500, 500, 500, 500, 500, 500,
	500, 500, 500, 500, 500, 500, 500, 500, 500, 500, 500, 500, 500, 500, 500, 500, 500, 500, 500, 500, 500, 500, 500, 500, 500, 500, 500, 500, 500, 500, 500, 500,
	500, 500, 500, 500, 500, 500, 500, 500, 500, 500, 500, 500, 500, 500, 500, 500, 500, 500, 500, 500, 500, 500, 500, 500, 500, 500, 500, 500, 500, 500, 500, 500,
	500, 500, 500, 500, 500, 500, 500, 500, 500, 500, 500, 500, 500, 500, 500, 500, 500, 500, 500, 500, 500, 500, 500, 500, 500, 500, 500, 500, 500, 500, 500, 500,
	500, 500, 500, 500, 500, 500, 500, 500, 500, 500, 500, 500, 500, 500, 500, 500, 500, 500, 500, 500, 500, 500, 500, 500, 500, 500, 500, 500, 500, 500, 500, 500,
	500, 500, 500, 500, 500, 500, 500, 500, 500, 500, 500, 500, 500, 500, 500, 500, 500, 500, 500, 500, 500, 500, 500, 500, 500, 500, 500, 500, 500, 500, 500, 500,
	500, 500, 500, 500, 500, 500, 500, 500, 500, 500, 500, 500, 500, 500, 500, 500, 500, 500, 500, 500, 500, 500, 500, 500, 500, 500, 500, 500, 500, 500, 500, 500,
	500, 500, 500, 500, 500, 500, 500, 500, 500, 500, 500, 500, 500, 500, 500, 500, 500, 500, 500, 500, 500, 500, 500, 500, 500, 500, 500, 500, 500, 500, 500, 500,
	500, 500, 500, 500, 500, 500, 500, 500, 500, 500, 500, 500, 500, 500, 500, 500, 500, 500, 500, 500, 500, 500, 500, 500, 500, 500, 500, 500, 500, 500, 500, 500,
}
RspLowerImageLimit = {
	50, 50, 50, 50, 50, 50, 50, 50, 50, 50, 50, 50, 50, 50, 50, 50, 50, 50, 50, 50, 50, 50, 50, 50, 50, 50, 50, 50, 50, 50, 50, 50,
	50, 50, 50, 50, 50, 50, 50, 50, 50, 50, 50, 50, 50, 50, 50, 50, 50, 50, 50, 50, 50, 50, 50, 50, 50, 50, 50, 50, 50, 50, 50, 50,
	50, 50, 50, 50, 50, 50, 50, 50, 50, 50, 50, 50, 50, 50, 50, 50, 50, 50, 50, 50, 50, 50, 50, 50, 50, 50, 50, 50, 50, 50, 50, 50,
	50, 50, 50, 50, 50, 50, 50, 50, 50, 50, 50, 50, 50, 50, 50, 50, 50, 50, 50, 50, 50, 50, 50, 50, 50, 50, 50, 50, 50, 50, 50, 50,
	50, 50, 50, 50, 50, 50, 50, 50, 50, 50, 50, 50, 50, 50, 50, 50, 50, 50, 50, 50, 50, 50, 50, 50, 50, 50, 50, 50, 50, 50, 50, 50,
	50, 50, 50, 50, 50, 50, 50, 50, 50, 50, 50, 50, 50, 50, 50, 50, 50, 50, 50, 50, 50, 50, 50, 50, 50, 50, 50, 50, 50, 50, 50, 50,
	50, 50, 50, 50, 50, 50, 50, 50, 50, 50, 50, 50, 50, 50, 50, 50, 50, 50, 50, 50, 50, 50, 50, 50, 50, 50, 50, 50, 50, 50, 50, 50,
	50, 50, 50, 50, 50, 50, 50, 50, 50, 50, 50, 50, 50, 50, 50, 50, 50, 50, 50, 50, 50, 50, 50, 50, 50, 50, 50, 50, 50, 50, 50, 50,
	50, 50, 50, 50, 50, 50, 50, 50, 50, 50, 50, 50, 50, 50, 50, 50, 50, 50, 50, 50, 50, 50, 50, 50, 50, 50, 50, 50, 50, 50, 50, 50,
	50, 50, 50, 50, 50, 50, 50, 50, 50, 50, 50, 50, 50, 50, 50, 50, 50, 50, 50, 50, 50, 50, 50, 50, 50, 50, 50, 50, 50, 50, 50, 50,
	50, 50, 50, 50, 50, 50, 50, 50, 50, 50, 50, 50, 50, 50, 50, 50, 50, 50, 50, 50, 50, 50, 50, 50, 50, 50, 50, 50, 50, 50, 50, 50,
	50, 50, 50, 50, 50, 50, 50, 50, 50, 50, 50, 50, 50, 50, 50, 50, 50, 50, 50, 50, 50, 50, 50, 50, 50, 50, 50, 50, 50, 50, 50, 50,
	50, 50, 50, 50, 50, 50, 50, 50, 50, 50, 50, 50, 50, 50, 50, 50, 50, 50, 50, 50, 50, 50, 50, 50, 50, 50, 50, 50, 50, 50, 50, 50,
	50, 50, 50, 50, 50, 50, 50, 50, 50, 50, 50, 50, 50, 50, 50, 50, 50, 50, 50, 50, 50, 50, 50, 50, 50, 50, 50, 50, 50, 50, 50, 50,
	50, 50, 50, 50, 50, 50, 50, 50, 50, 50, 50, 50, 50, 50, 50, 50, 50, 50, 50, 50, 50, 50, 50, 50, 50, 50, 50, 50, 50, 50, 50, 50,
	50, 50, 50, 50, 50, 50, 50, 50, 50, 50, 50, 50, 50, 50, 50, 50, 50, 50, 50, 50, 50, 50, 50, 50, 50, 50, 50, 50, 50, 50, 50, 50,
	50, 50, 50, 50, 50, 50, 50, 50, 50, 50, 50, 50, 50, 50, 50, 50, 50, 50, 50, 50, 50, 50, 50, 50, 50, 50, 50, 50, 50, 50, 50, 50,
	50, 50, 50, 50, 50, 50, 50, 50, 50, 50, 50, 50, 50, 50, 50, 50, 50, 50, 50, 50, 50, 50, 50, 50, 50, 50, 50, 50, 50, 50, 50, 50,
	50, 50, 50, 50, 50, 50, 50, 50, 50, 50, 50, 50, 50, 50, 50, 50, 50, 50, 50, 50, 50, 50, 50, 50, 50, 50, 50, 50, 50, 50, 50, 50,
	50, 50, 50, 50, 50, 50, 50, 50, 50, 50, 50, 50, 50, 50, 50, 50, 50, 50, 50, 50, 50, 50, 50, 50, 50, 50, 50, 50, 50, 50, 50, 50,
	50, 50, 50, 50, 50, 50, 50, 50, 50, 50, 50, 50, 50, 50, 50, 50, 50, 50, 50, 50, 50, 50, 50, 50, 50, 50, 50, 50, 50, 50, 50, 50,
	50, 50, 50, 50, 50, 50, 50, 50, 50, 50, 50, 50, 50, 50, 50, 50, 50, 50, 50, 50, 50, 50, 50, 50, 50, 50, 50, 50, 50, 50, 50, 50,
	50, 50, 50, 50, 50, 50, 50, 50, 50, 50, 50, 50, 50, 50, 50, 50, 50, 50, 50, 50, 50, 50, 50, 50, 50, 50, 50, 50, 50, 50, 50, 50,
	50, 50, 50, 50, 50, 50, 50, 50, 50, 50, 50, 50, 50, 50, 50, 50, 50, 50, 50, 50, 50, 50, 50, 50, 50, 50, 50, 50, 50, 50, 50, 50,
	50, 50, 50, 50, 50, 50, 50, 50, 50, 50, 50, 50, 50, 50, 50, 50, 50, 50, 50, 50, 50, 50, 50, 50, 50, 50, 50, 50, 50, 50, 50, 50,
	50, 50, 50, 50, 50, 50, 50, 50, 50, 50, 50, 50, 50, 50, 50, 50, 50, 50, 50, 50, 50, 50, 50, 50, 50, 50, 50, 50, 50, 50, 50, 50,
	50, 50, 50, 50, 50, 50, 50, 50, 50, 50, 50, 50, 50, 50, 50, 50, 50, 50, 50, 50, 50, 50, 50, 50, 50, 50, 50, 50, 50, 50, 50, 50,
	50, 50, 50, 50, 50, 50, 50, 50, 50, 50, 50, 50, 50, 50, 50, 50, 50, 50, 50, 50, 50, 50, 50, 50, 50, 50, 50, 50, 50, 50, 50, 50,
	50, 50, 50, 50, 50, 50, 50, 50, 50, 50, 50, 50, 50, 50, 50, 50, 50, 50, 50, 50, 50, 50, 50, 50, 50, 50, 50, 50, 50, 50, 50, 50,
	50, 50, 50, 50, 50, 50, 50, 50, 50, 50, 50, 50, 50, 50, 50, 50, 50, 50, 50, 50, 50, 50, 50, 50, 50, 50, 50, 50, 50, 50, 50, 50,
	50, 50, 50, 50, 50, 50, 50, 50, 50, 50, 50, 50, 50, 50, 50, 50, 50, 50, 50, 50, 50, 50, 50, 50, 50, 50, 50, 50, 50, 50, 50, 50,
	50, 50, 50, 50, 50, 50, 50, 50, 50, 50, 50, 50, 50, 50, 50, 50, 50, 50, 50, 50, 50, 50, 50, 50, 50, 50, 50, 50, 50, 50, 50, 50,
}
RspUpperImageLimit = {
	430,  430,  430,  430,  430,  430,  430,  430,  430,  430,  430,  430,  430,  430,  430,  430,  430,  430,  430,  430,  430,  430,  430,  430,  430,  430,  430,  430,  430,  430,  430,  430,
	430,  430,  430,  430,  430,  430,  430,  430,  430,  430,  430,  430,  430,  430,  430,  430,  430,  430,  430,  430,  430,  430,  430,  430,  430,  430,  430,  430,  430,  430,  430,  430,
	430,  430,  430,  430,  430,  430,  430,  430,  430,  430,  430,  430,  430,  430,  430,  430,  430,  430,  430,  430,  430,  430,  430,  430,  430,  430,  430,  430,  430,  430,  430,  430,
	430,  430,  430,  430,  430,  430,  430,  430,  430,  430,  430,  430,  430,  430,  430,  430,  430,  430,  430,  430,  430,  430,  430,  430,  430,  430,  430,  430,  430,  430,  430,  430,
	430,  430,  430,  430,  430,  430,  430,  430,  430,  430,  430,  430,  430,  430,  430,  430,  430,  430,  430,  430,  430,  430,  430,  430,  430,  430,  430,  430,  430,  430,  430,  430,
	430,  430,  430,  430,  430,  430,  430,  430,  430,  430,  430,  430,  430,  430,  430,  430,  430,  430,  430,  430,  430,  430,  430,  430,  430,  430,  430,  430,  430,  430,  430,  430,
	430,  430,  430,  430,  430,  430,  430,  430,  430,  430,  430,  430,  430,  430,  430,  430,  430,  430,  430,  430,  430,  430,  430,  430,  430,  430,  430,  430,  430,  430,  430,  430,
	430,  430,  430,  430,  430,  430,  430,  430,  430,  430,  430,  430,  430,  430,  430,  430,  430,  430,  430,  430,  430,  430,  430,  430,  430,  430,  430,  430,  430,  430,  430,  430,
	430,  430,  430,  430,  430,  430,  430,  430,  430,  430,  430,  430,  430,  430,  430,  430,  430,  430,  430,  430,  430,  430,  430,  430,  430,  430,  430,  430,  430,  430,  430,  430,
	430,  430,  430,  430,  430,  430,  430,  430,  430,  430,  430,  430,  430,  430,  430,  430,  430,  430,  430,  430,  430,  430,  430,  430,  430,  430,  430,  430,  430,  430,  430,  430,
	430,  430,  430,  430,  430,  430,  430,  430,  430,  430,  430,  430,  430,  430,  430,  430,  430,  430,  430,  430,  430,  430,  430,  430,  430,  430,  430,  430,  430,  430,  430,  430,
	430,  430,  430,  430,  430,  430,  430,  430,  430,  430,  430,  430,  430,  430,  430,  430,  430,  430,  430,  430,  430,  430,  430,  430,  430,  430,  430,  430,  430,  430,  430,  430,
	430,  430,  430,  430,  430,  430,  430,  430,  430,  430,  430,  430,  430,  430,  430,  430,  430,  430,  430,  430,  430,  430,  430,  430,  430,  430,  430,  430,  430,  430,  430,  430,
	430,  430,  430,  430,  430,  430,  430,  430,  430,  430,  430,  430,  430,  430,  430,  430,  430,  430,  430,  430,  430,  430,  430,  430,  430,  430,  430,  430,  430,  430,  430,  430,
	430,  430,  430,  430,  430,  430,  430,  430,  430,  430,  430,  430,  430,  430,  430,  430,  430,  430,  430,  430,  430,  430,  430,  430,  430,  430,  430,  430,  430,  430,  430,  430,
	430,  430,  430,  430,  430,  430,  430,  430,  430,  430,  430,  430,  430,  430,  430,  430,  430,  430,  430,  430,  430,  430,  430,  430,  430,  430,  430,  430,  430,  430,  430,  430,
	430,  430,  430,  430,  430,  430,  430,  430,  430,  430,  430,  430,  430,  430,  430,  430,  430,  430,  430,  430,  430,  430,  430,  430,  430,  430,  430,  430,  430,  430,  430,  430,
	430,  430,  430,  430,  430,  430,  430,  430,  430,  430,  430,  430,  430,  430,  430,  430,  430,  430,  430,  430,  430,  430,  430,  430,  430,  430,  430,  430,  430,  430,  430,  430,
	430,  430,  430,  430,  430,  430,  430,  430,  430,  430,  430,  430,  430,  430,  430,  430,  430,  430,  430,  430,  430,  430,  430,  430,  430,  430,  430,  430,  430,  430,  430,  430,
	430,  430,  430,  430,  430,  430,  430,  430,  430,  430,  430,  430,  430,  430,  430,  430,  430,  430,  430,  430,  430,  430,  430,  430,  430,  430,  430,  430,  430,  430,  430,  430,
	430,  430,  430,  430,  430,  430,  430,  430,  430,  430,  430,  430,  430,  430,  430,  430,  430,  430,  430,  430,  430,  430,  430,  430,  430,  430,  430,  430,  430,  430,  430,  430,
	430,  430,  430,  430,  430,  430,  430,  430,  430,  430,  430,  430,  430,  430,  430,  430,  430,  430,  430,  430,  430,  430,  430,  430,  430,  430,  430,  430,  430,  430,  430,  430,
	430,  430,  430,  430,  430,  430,  430,  430,  430,  430,  430,  430,  430,  430,  430,  430,  430,  430,  430,  430,  430,  430,  430,  430,  430,  430,  430,  430,  430,  430,  430,  430,
	430,  430,  430,  430,  430,  430,  430,  430,  430,  430,  430,  430,  430,  430,  430,  430,  430,  430,  430,  430,  430,  430,  430,  430,  430,  430,  430,  430,  430,  430,  430,  430,
	430,  430,  430,  430,  430,  430,  430,  430,  430,  430,  430,  430,  430,  430,  430,  430,  430,  430,  430,  430,  430,  430,  430,  430,  430,  430,  430,  430,  430,  430,  430,  430,
	430,  430,  430,  430,  430,  430,  430,  430,  430,  430,  430,  430,  430,  430,  430,  430,  430,  430,  430,  430,  430,  430,  430,  430,  430,  430,  430,  430,  430,  430,  430,  430,
	430,  430,  430,  430,  430,  430,  430,  430,  430,  430,  430,  430,  430,  430,  430,  430,  430,  430,  430,  430,  430,  430,  430,  430,  430,  430,  430,  430,  430,  430,  430,  430,
	430,  430,  430,  430,  430,  430,  430,  430,  430,  430,  430,  430,  430,  430,  430,  430,  430,  430,  430,  430,  430,  430,  430,  430,  430,  430,  430,  430,  430,  430,  430,  430,
	430,  430,  430,  430,  430,  430,  430,  430,  430,  430,  430,  430,  430,  430,  430,  430,  430,  430,  430,  430,  430,  430,  430,  430,  430,  430,  430,  430,  430,  430,  430,  430,
	430,  430,  430,  430,  430,  430,  430,  430,  430,  430,  430,  430,  430,  430,  430,  430,  430,  430,  430,  430,  430,  430,  430,  430,  430,  430,  430,  430,  430,  430,  430,  430,
	430,  430,  430,  430,  430,  430,  430,  430,  430,  430,  430,  430,  430,  430,  430,  430,  430,  430,  430,  430,  430,  430,  430,  430,  430,  430,  430,  430,  430,  430,  430,  430,
	430,  430,  430,  430,  430,  430,  430,  430,  430,  430,  430,  430,  430,  430,  430,  430,  430,  430,  430,  430,  430,  430,  430,  430,  430,  430,  430,  430,  430,  430,  430,  430,
}
RspNoiseP2PLimit = {
	70,  70,  70,  70,  70,  70,  70,  70,  70,  70,  70,  70,  70,  70,  70,  70,  70,  70,  70,  70,  70,  70,  70,  70,  70,  70,  70,  70,  70,  70,  70,  70,
	70,  70,  70,  70,  70,  70,  70,  70,  70,  70,  70,  70,  70,  70,  70,  70,  70,  70,  70,  70,  70,  70,  70,  70,  70,  70,  70,  70,  70,  70,  70,  70,
	70,  70,  70,  70,  70,  70,  70,  70,  70,  70,  70,  70,  70,  70,  70,  70,  70,  70,  70,  70,  70,  70,  70,  70,  70,  70,  70,  70,  70,  70,  70,  70,
	70,  70,  70,  70,  70,  70,  70,  70,  70,  70,  70,  70,  70,  70,  70,  70,  70,  70,  70,  70,  70,  70,  70,  70,  70,  70,  70,  70,  70,  70,  70,  70,
	70,  70,  70,  70,  70,  70,  70,  70,  70,  70,  70,  70,  70,  70,  70,  70,  70,  70,  70,  70,  70,  70,  70,  70,  70,  70,  70,  70,  70,  70,  70,  70,
	70,  70,  70,  70,  70,  70,  70,  70,  70,  70,  70,  70,  70,  70,  70,  70,  70,  70,  70,  70,  70,  70,  70,  70,  70,  70,  70,  70,  70,  70,  70,  70,
	70,  70,  70,  70,  70,  70,  70,  70,  70,  70,  70,  70,  70,  70,  70,  70,  70,  70,  70,  70,  70,  70,  70,  70,  70,  70,  70,  70,  70,  70,  70,  70,
	70,  70,  70,  70,  70,  70,  70,  70,  70,  70,  70,  70,  70,  70,  70,  70,  70,  70,  70,  70,  70,  70,  70,  70,  70,  70,  70,  70,  70,  70,  70,  70,
	70,  70,  70,  70,  70,  70,  70,  70,  70,  70,  70,  70,  70,  70,  70,  70,  70,  70,  70,  70,  70,  70,  70,  70,  70,  70,  70,  70,  70,  70,  70,  70,
	70,  70,  70,  70,  70,  70,  70,  70,  70,  70,  70,  70,  70,  70,  70,  70,  70,  70,  70,  70,  70,  70,  70,  70,  70,  70,  70,  70,  70,  70,  70,  70,
	70,  70,  70,  70,  70,  70,  70,  70,  70,  70,  70,  70,  70,  70,  70,  70,  70,  70,  70,  70,  70,  70,  70,  70,  70,  70,  70,  70,  70,  70,  70,  70,
	70,  70,  70,  70,  70,  70,  70,  70,  70,  70,  70,  70,  70,  70,  70,  70,  70,  70,  70,  70,  70,  70,  70,  70,  70,  70,  70,  70,  70,  70,  70,  70,
	70,  70,  70,  70,  70,  70,  70,  70,  70,  70,  70,  70,  70,  70,  70,  70,  70,  70,  70,  70,  70,  70,  70,  70,  70,  70,  70,  70,  70,  70,  70,  70,
	70,  70,  70,  70,  70,  70,  70,  70,  70,  70,  70,  70,  70,  70,  70,  70,  70,  70,  70,  70,  70,  70,  70,  70,  70,  70,  70,  70,  70,  70,  70,  70,
	70,  70,  70,  70,  70,  70,  70,  70,  70,  70,  70,  70,  70,  70,  70,  70,  70,  70,  70,  70,  70,  70,  70,  70,  70,  70,  70,  70,  70,  70,  70,  70,
	70,  70,  70,  70,  70,  70,  70,  70,  70,  70,  70,  70,  70,  70,  70,  70,  70,  70,  70,  70,  70,  70,  70,  70,  70,  70,  70,  70,  70,  70,  70,  70,
	70,  70,  70,  70,  70,  70,  70,  70,  70,  70,  70,  70,  70,  70,  70,  70,  70,  70,  70,  70,  70,  70,  70,  70,  70,  70,  70,  70,  70,  70,  70,  70,
	70,  70,  70,  70,  70,  70,  70,  70,  70,  70,  70,  70,  70,  70,  70,  70,  70,  70,  70,  70,  70,  70,  70,  70,  70,  70,  70,  70,  70,  70,  70,  70,
	70,  70,  70,  70,  70,  70,  70,  70,  70,  70,  70,  70,  70,  70,  70,  70,  70,  70,  70,  70,  70,  70,  70,  70,  70,  70,  70,  70,  70,  70,  70,  70,
	70,  70,  70,  70,  70,  70,  70,  70,  70,  70,  70,  70,  70,  70,  70,  70,  70,  70,  70,  70,  70,  70,  70,  70,  70,  70,  70,  70,  70,  70,  70,  70,
	70,  70,  70,  70,  70,  70,  70,  70,  70,  70,  70,  70,  70,  70,  70,  70,  70,  70,  70,  70,  70,  70,  70,  70,  70,  70,  70,  70,  70,  70,  70,  70,
	70,  70,  70,  70,  70,  70,  70,  70,  70,  70,  70,  70,  70,  70,  70,  70,  70,  70,  70,  70,  70,  70,  70,  70,  70,  70,  70,  70,  70,  70,  70,  70,
	70,  70,  70,  70,  70,  70,  70,  70,  70,  70,  70,  70,  70,  70,  70,  70,  70,  70,  70,  70,  70,  70,  70,  70,  70,  70,  70,  70,  70,  70,  70,  70,
	70,  70,  70,  70,  70,  70,  70,  70,  70,  70,  70,  70,  70,  70,  70,  70,  70,  70,  70,  70,  70,  70,  70,  70,  70,  70,  70,  70,  70,  70,  70,  70,
	70,  70,  70,  70,  70,  70,  70,  70,  70,  70,  70,  70,  70,  70,  70,  70,  70,  70,  70,  70,  70,  70,  70,  70,  70,  70,  70,  70,  70,  70,  70,  70,
	70,  70,  70,  70,  70,  70,  70,  70,  70,  70,  70,  70,  70,  70,  70,  70,  70,  70,  70,  70,  70,  70,  70,  70,  70,  70,  70,  70,  70,  70,  70,  70,
	70,  70,  70,  70,  70,  70,  70,  70,  70,  70,  70,  70,  70,  70,  70,  70,  70,  70,  70,  70,  70,  70,  70,  70,  70,  70,  70,  70,  70,  70,  70,  70,
	70,  70,  70,  70,  70,  70,  70,  70,  70,  70,  70,  70,  70,  70,  70,  70,  70,  70,  70,  70,  70,  70,  70,  70,  70,  70,  70,  70,  70,  70,  70,  70,
	70,  70,  70,  70,  70,  70,  70,  70,  70,  70,  70,  70,  70,  70,  70,  70,  70,  70,  70,  70,  70,  70,  70,  70,  70,  70,  70,  70,  70,  70,  70,  70,
	70,  70,  70,  70,  70,  70,  70,  70,  70,  70,  70,  70,  70,  70,  70,  70,  70,  70,  70,  70,  70,  70,  70,  70,  70,  70,  70,  70,  70,  70,  70,  70,
	70,  70,  70,  70,  70,  70,  70,  70,  70,  70,  70,  70,  70,  70,  70,  70,  70,  70,  70,  70,  70,  70,  70,  70,  70,  70,  70,  70,  70,  70,  70,  70,
	70,  70,  70,  70,  70,  70,  70,  70,  70,  70,  70,  70,  70,  70,  70,  70,  70,  70,  70,  70,  70,  70,  70,  70,  70,  70,  70,  70,  70,  70,  70,  70,
}
RspLPWGLowerLimit = {
	100,  100,  100,  100,  100,  100,  100,  100,  100,  100,  100,  100,  100,  100,  100,  100,  100,  100,  100,  100,  100,  100,  100,  100,  100,  100,  100,  100,  100,  100,  100,  100,
	100,  100,  100,  100,  100,  100,  100,  100,  100,  100,  100,  100,  100,  100,  100,  100,  100,  100,  100,  100,  100,  100,  100,  100,  100,  100,  100,  100,  100,  100,  100,  100,
	100,  100,  100,  100,  100,  100,  100,  100,  100,  100,  100,  100,  100,  100,  100,  100,  100,  100,  100,  100,  100,  100,  100,  100,  100,  100,  100,  100,  100,  100,  100,  100,
	100,  100,  100,  100,  100,  100,  100,  100,  100,  100,  100,  100,  100,  100,  100,  100,  100,  100,  100,  100,  100,  100,  100,  100,  100,  100,  100,  100,  100,  100,  100,  100,
	100,  100,  100,  100,  100,  100,  100,  100,  100,  100,  100,  100,  100,  100,  100,  100,  100,  100,  100,  100,  100,  100,  100,  100,  100,  100,  100,  100,  100,  100,  100,  100,
	100,  100,  100,  100,  100,  100,  100,  100,  100,  100,  100,  100,  100,  100,  100,  100,  100,  100,  100,  100,  100,  100,  100,  100,  100,  100,  100,  100,  100,  100,  100,  100,
	100,  100,  100,  100,  100,  100,  100,  100,  100,  100,  100,  100,  100,  100,  100,  100,  100,  100,  100,  100,  100,  100,  100,  100,  100,  100,  100,  100,  100,  100,  100,  100,
	100,  100,  100,  100,  100,  100,  100,  100,  100,  100,  100,  100,  100,  100,  100,  100,  100,  100,  100,  100,  100,  100,  100,  100,  100,  100,  100,  100,  100,  100,  100,  100,
	100,  100,  100,  100,  100,  100,  100,  100,  100,  100,  100,  100,  100,  100,  100,  100,  100,  100,  100,  100,  100,  100,  100,  100,  100,  100,  100,  100,  100,  100,  100,  100,
	100,  100,  100,  100,  100,  100,  100,  100,  100,  100,  100,  100,  100,  100,  100,  100,  100,  100,  100,  100,  100,  100,  100,  100,  100,  100,  100,  100,  100,  100,  100,  100,
	100,  100,  100,  100,  100,  100,  100,  100,  100,  100,  100,  100,  100,  100,  100,  100,  100,  100,  100,  100,  100,  100,  100,  100,  100,  100,  100,  100,  100,  100,  100,  100,
	100,  100,  100,  100,  100,  100,  100,  100,  100,  100,  100,  100,  100,  100,  100,  100,  100,  100,  100,  100,  100,  100,  100,  100,  100,  100,  100,  100,  100,  100,  100,  100,
	100,  100,  100,  100,  100,  100,  100,  100,  100,  100,  100,  100,  100,  100,  100,  100,  100,  100,  100,  100,  100,  100,  100,  100,  100,  100,  100,  100,  100,  100,  100,  100,
	100,  100,  100,  100,  100,  100,  100,  100,  100,  100,  100,  100,  100,  100,  100,  100,  100,  100,  100,  100,  100,  100,  100,  100,  100,  100,  100,  100,  100,  100,  100,  100,
	100,  100,  100,  100,  100,  100,  100,  100,  100,  100,  100,  100,  100,  100,  100,  100,  100,  100,  100,  100,  100,  100,  100,  100,  100,  100,  100,  100,  100,  100,  100,  100,
	100,  100,  100,  100,  100,  100,  100,  100,  100,  100,  100,  100,  100,  100,  100,  100,  100,  100,  100,  100,  100,  100,  100,  100,  100,  100,  100,  100,  100,  100,  100,  100,
	100,  100,  100,  100,  100,  100,  100,  100,  100,  100,  100,  100,  100,  100,  100,  100,  100,  100,  100,  100,  100,  100,  100,  100,  100,  100,  100,  100,  100,  100,  100,  100,
	100,  100,  100,  100,  100,  100,  100,  100,  100,  100,  100,  100,  100,  100,  100,  100,  100,  100,  100,  100,  100,  100,  100,  100,  100,  100,  100,  100,  100,  100,  100,  100,
	100,  100,  100,  100,  100,  100,  100,  100,  100,  100,  100,  100,  100,  100,  100,  100,  100,  100,  100,  100,  100,  100,  100,  100,  100,  100,  100,  100,  100,  100,  100,  100,
	100,  100,  100,  100,  100,  100,  100,  100,  100,  100,  100,  100,  100,  100,  100,  100,  100,  100,  100,  100,  100,  100,  100,  100,  100,  100,  100,  100,  100,  100,  100,  100,
	100,  100,  100,  100,  100,  100,  100,  100,  100,  100,  100,  100,  100,  100,  100,  100,  100,  100,  100,  100,  100,  100,  100,  100,  100,  100,  100,  100,  100,  100,  100,  100,
	100,  100,  100,  100,  100,  100,  100,  100,  100,  100,  100,  100,  100,  100,  100,  100,  100,  100,  100,  100,  100,  100,  100,  100,  100,  100,  100,  100,  100,  100,  100,  100,
	100,  100,  100,  100,  100,  100,  100,  100,  100,  100,  100,  100,  100,  100,  100,  100,  100,  100,  100,  100,  100,  100,  100,  100,  100,  100,  100,  100,  100,  100,  100,  100,
	100,  100,  100,  100,  100,  100,  100,  100,  100,  100,  100,  100,  100,  100,  100,  100,  100,  100,  100,  100,  100,  100,  100,  100,  100,  100,  100,  100,  100,  100,  100,  100,
	100,  100,  100,  100,  100,  100,  100,  100,  100,  100,  100,  100,  100,  100,  100,  100,  100,  100,  100,  100,  100,  100,  100,  100,  100,  100,  100,  100,  100,  100,  100,  100,
	100,  100,  100,  100,  100,  100,  100,  100,  100,  100,  100,  100,  100,  100,  100,  100,  100,  100,  100,  100,  100,  100,  100,  100,  100,  100,  100,  100,  100,  100,  100,  100,
	100,  100,  100,  100,  100,  100,  100,  100,  100,  100,  100,  100,  100,  100,  100,  100,  100,  100,  100,  100,  100,  100,  100,  100,  100,  100,  100,  100,  100,  100,  100,  100,
	100,  100,  100,  100,  100,  100,  100,  100,  100,  100,  100,  100,  100,  100,  100,  100,  100,  100,  100,  100,  100,  100,  100,  100,  100,  100,  100,  100,  100,  100,  100,  100,
	100,  100,  100,  100,  100,  100,  100,  100,  100,  100,  100,  100,  100,  100,  100,  100,  100,  100,  100,  100,  100,  100,  100,  100,  100,  100,  100,  100,  100,  100,  100,  100,
	100,  100,  100,  100,  100,  100,  100,  100,  100,  100,  100,  100,  100,  100,  100,  100,  100,  100,  100,  100,  100,  100,  100,  100,  100,  100,  100,  100,  100,  100,  100,  100,
	100,  100,  100,  100,  100,  100,  100,  100,  100,  100,  100,  100,  100,  100,  100,  100,  100,  100,  100,  100,  100,  100,  100,  100,  100,  100,  100,  100,  100,  100,  100,  100,
	100,  100,  100,  100,  100,  100,  100,  100,  100,  100,  100,  100,  100,  100,  100,  100,  100,  100,  100,  100,  100,  100,  100,  100,  100,  100,  100,  100,  100,  100,  100,  100,
}
RspLPWGUpperLimit = {
	400,  400,  400,  400,  400,  400,  400,  400,  400,  400,  400,  400,  400,  400,  400,  400,  400,  400,  400,  400,  400,  400,  400,  400,  400,  400,  400,  400,  400,  400,  400,  400,
	400,  400,  400,  400,  400,  400,  400,  400,  400,  400,  400,  400,  400,  400,  400,  400,  400,  400,  400,  400,  400,  400,  400,  400,  400,  400,  400,  400,  400,  400,  400,  400,
	400,  400,  400,  400,  400,  400,  400,  400,  400,  400,  400,  400,  400,  400,  400,  400,  400,  400,  400,  400,  400,  400,  400,  400,  400,  400,  400,  400,  400,  400,  400,  400,
	400,  400,  400,  400,  400,  400,  400,  400,  400,  400,  400,  400,  400,  400,  400,  400,  400,  400,  400,  400,  400,  400,  400,  400,  400,  400,  400,  400,  400,  400,  400,  400,
	400,  400,  400,  400,  400,  400,  400,  400,  400,  400,  400,  400,  400,  400,  400,  400,  400,  400,  400,  400,  400,  400,  400,  400,  400,  400,  400,  400,  400,  400,  400,  400,
	400,  400,  400,  400,  400,  400,  400,  400,  400,  400,  400,  400,  400,  400,  400,  400,  400,  400,  400,  400,  400,  400,  400,  400,  400,  400,  400,  400,  400,  400,  400,  400,
	400,  400,  400,  400,  400,  400,  400,  400,  400,  400,  400,  400,  400,  400,  400,  400,  400,  400,  400,  400,  400,  400,  400,  400,  400,  400,  400,  400,  400,  400,  400,  400,
	400,  400,  400,  400,  400,  400,  400,  400,  400,  400,  400,  400,  400,  400,  400,  400,  400,  400,  400,  400,  400,  400,  400,  400,  400,  400,  400,  400,  400,  400,  400,  400,
	400,  400,  400,  400,  400,  400,  400,  400,  400,  400,  400,  400,  400,  400,  400,  400,  400,  400,  400,  400,  400,  400,  400,  400,  400,  400,  400,  400,  400,  400,  400,  400,
	400,  400,  400,  400,  400,  400,  400,  400,  400,  400,  400,  400,  400,  400,  400,  400,  400,  400,  400,  400,  400,  400,  400,  400,  400,  400,  400,  400,  400,  400,  400,  400,
	400,  400,  400,  400,  400,  400,  400,  400,  400,  400,  400,  400,  400,  400,  400,  400,  400,  400,  400,  400,  400,  400,  400,  400,  400,  400,  400,  400,  400,  400,  400,  400,
	400,  400,  400,  400,  400,  400,  400,  400,  400,  400,  400,  400,  400,  400,  400,  400,  400,  400,  400,  400,  400,  400,  400,  400,  400,  400,  400,  400,  400,  400,  400,  400,
	400,  400,  400,  400,  400,  400,  400,  400,  400,  400,  400,  400,  400,  400,  400,  400,  400,  400,  400,  400,  400,  400,  400,  400,  400,  400,  400,  400,  400,  400,  400,  400,
	400,  400,  400,  400,  400,  400,  400,  400,  400,  400,  400,  400,  400,  400,  400,  400,  400,  400,  400,  400,  400,  400,  400,  400,  400,  400,  400,  400,  400,  400,  400,  400,
	400,  400,  400,  400,  400,  400,  400,  400,  400,  400,  400,  400,  400,  400,  400,  400,  400,  400,  400,  400,  400,  400,  400,  400,  400,  400,  400,  400,  400,  400,  400,  400,
	400,  400,  400,  400,  400,  400,  400,  400,  400,  400,  400,  400,  400,  400,  400,  400,  400,  400,  400,  400,  400,  400,  400,  400,  400,  400,  400,  400,  400,  400,  400,  400,
	400,  400,  400,  400,  400,  400,  400,  400,  400,  400,  400,  400,  400,  400,  400,  400,  400,  400,  400,  400,  400,  400,  400,  400,  400,  400,  400,  400,  400,  400,  400,  400,
	400,  400,  400,  400,  400,  400,  400,  400,  400,  400,  400,  400,  400,  400,  400,  400,  400,  400,  400,  400,  400,  400,  400,  400,  400,  400,  400,  400,  400,  400,  400,  400,
	400,  400,  400,  400,  400,  400,  400,  400,  400,  400,  400,  400,  400,  400,  400,  400,  400,  400,  400,  400,  400,  400,  400,  400,  400,  400,  400,  400,  400,  400,  400,  400,
	400,  400,  400,  400,  400,  400,  400,  400,  400,  400,  400,  400,  400,  400,  400,  400,  400,  400,  400,  400,  400,  400,  400,  400,  400,  400,  400,  400,  400,  400,  400,  400,
	400,  400,  400,  400,  400,  400,  400,  400,  400,  400,  400,  400,  400,  400,  400,  400,  400,  400,  400,  400,  400,  400,  400,  400,  400,  400,  400,  400,  400,  400,  400,  400,
	400,  400,  400,  400,  400,  400,  400,  400,  400,  400,  400,  400,  400,  400,  400,  400,  400,  400,  400,  400,  400,  400,  400,  400,  400,  400,  400,  400,  400,  400,  400,  400,
	400,  400,  400,  400,  400,  400,  400,  400,  400,  400,  400,  400,  400,  400,  400,  400,  400,  400,  400,  400,  400,  400,  400,  400,  400,  400,  400,  400,  400,  400,  400,  400,
	400,  400,  400,  400,  400,  400,  400,  400,  400,  400,  400,  400,  400,  400,  400,  400,  400,  400,  400,  400,  400,  400,  400,  400,  400,  400,  400,  400,  400,  400,  400,  400,
	400,  400,  400,  400,  400,  400,  400,  400,  400,  400,  400,  400,  400,  400,  400,  400,  400,  400,  400,  400,  400,  400,  400,  400,  400,  400,  400,  400,  400,  400,  400,  400,
	400,  400,  400,  400,  400,  400,  400,  400,  400,  400,  400,  400,  400,  400,  400,  400,  400,  400,  400,  400,  400,  400,  400,  400,  400,  400,  400,  400,  400,  400,  400,  400,
	400,  400,  400,  400,  400,  400,  400,  400,  400,  400,  400,  400,  400,  400,  400,  400,  400,  400,  400,  400,  400,  400,  400,  400,  400,  400,  400,  400,  400,  400,  400,  400,
	400,  400,  400,  400,  400,  400,  400,  400,  400,  400,  400,  400,  400,  400,  400,  400,  400,  400,  400,  400,  400,  400,  400,  400,  400,  400,  400,  400,  400,  400,  400,  400,
	400,  400,  400,  400,  400,  400,  400,  400,  400,  400,  400,  400,  400,  400,  400,  400,  400,  400,  400,  400,  400,  400,  400,  400,  400,  400,  400,  400,  400,  400,  400,  400,
	400,  400,  400,  400,  400,  400,  400,  400,  400,  400,  400,  400,  400,  400,  400,  400,  400,  400,  400,  400,  400,  400,  400,  400,  400,  400,  400,  400,  400,  400,  400,  400,
	400,  400,  400,  400,  400,  400,  400,  400,  400,  400,  400,  400,  400,  400,  400,  400,  400,  400,  400,  400,  400,  400,  400,  400,  400,  400,  400,  400,  400,  400,  400,  400,
	400,  400,  400,  400,  400,  400,  400,  400,  400,  400,  400,  400,  400,  400,  400,  400,  400,  400,  400,  400,  400,  400,  400,  400,  400,  400,  400,  400,  400,  400,  400,  400,
}
