LowerImageLimit = {
	800, 800, 800, 800, 800, 800, 800, 800, 800, 800, 800, 800, 800, 800, 800, 800, 800, 800,
	800, 800, 800, 800, 800, 800, 800, 800, 800, 800, 800, 800, 800, 800, 800, 800, 800, 800,
	800, 800, 800, 800, 800, 800, 800, 800, 800, 800, 800, 800, 800, 800, 800, 800, 800, 800,
	800, 800, 800, 800, 800, 800, 800, 800, 800, 800, 800, 800, 800, 800, 800, 800, 800, 800,
	800, 800, 800, 800, 800, 800, 800, 800, 800, 800, 800, 800, 800, 800, 800, 800, 800, 800,
	800, 800, 800, 800, 800, 800, 800, 800, 800, 800, 800, 800, 800, 800, 800, 800, 800, 800,
	800, 800, 800, 800, 800, 800, 800, 800, 800, 800, 800, 800, 800, 800, 800, 800, 800, 800,
	800, 800, 800, 800, 800, 800, 800, 800, 800, 800, 800, 800, 800, 800, 800, 800, 800, 800,
	800, 800, 800, 800, 800, 800, 800, 800, 800, 800, 800, 800, 800, 800, 800, 800, 800, 800,
	800, 800, 800, 800, 800, 800, 800, 800, 800, 800, 800, 800, 800, 800, 800, 800, 800, 800,
	800, 800, 800, 800, 800, 800, 800, 800, 800, 800, 800, 800, 800, 800, 800, 800, 800, 800,
	800, 800, 800, 800, 800, 800, 800, 800, 800, 800, 800, 800, 800, 800, 800, 800, 800, 800,
	800, 800, 800, 800, 800, 800, 800, 800, 800, 800, 800, 800, 800, 800, 800, 800, 800, 800,
	800, 800, 800, 800, 800, 800, 800, 800, 800, 800, 800, 800, 800, 800, 800, 800, 800, 800,
	800, 800, 800, 800, 800, 800, 800, 800, 800, 800, 800, 800, 800, 800, 800, 800, 800, 800,
	800, 800, 800, 800, 800, 800, 800, 800, 800, 800, 800, 800, 800, 800, 800, 800, 800, 800,
	800, 800, 800, 800, 800, 800, 800, 800, 800, 800, 800, 800, 800, 800, 800, 800, 800, 800,
	800, 800, 800, 800, 800, 800, 800, 800, 800, 800, 800, 800, 800, 800, 800, 800, 800, 800,
	800, 800, 800, 800, 800, 800, 800, 800, 800, 800, 800, 800, 800, 800, 800, 800, 800, 800,
	800, 800, 800, 800, 800, 800, 800, 800, 800, 800, 800, 800, 800, 800, 800, 800, 800, 800,
	800, 800, 800, 800, 800, 800, 800, 800, 800, 800, 800, 800, 800, 800, 800, 800, 800, 800,
	800, 800, 800, 800, 800, 800, 800, 800, 800, 800, 800, 800, 800, 800, 800, 800, 800, 800,
	800, 800, 800, 800, 800, 800, 800, 800, 800, 800, 800, 800, 800, 800, 800, 800, 800, 800,
	800, 800, 800, 800, 800, 800, 800, 800, 800, 800, 800, 800, 800, 800, 800, 800, 800, 800,
	800, 800, 800, 800, 800, 800, 800, 800, 800, 800, 800, 800, 800, 800, 800, 800, 800, 800,
	800, 800, 800, 800, 800, 800, 800, 800, 800, 800, 800, 800, 800, 800, 800, 800, 800, 800,
	800, 800, 800, 800, 800, 800, 800, 800, 800, 800, 800, 800, 800, 800, 800, 800, 800, 800,
	800, 800, 800, 800, 800, 800, 800, 800, 800, 800, 800, 800, 800, 800, 800, 800, 800, 800,
	800, 800, 800, 800, 800, 800, 800, 800, 800, 800, 800, 800, 800, 800, 800, 800, 800, 800,
	800, 800, 800, 800, 800, 800, 800, 800, 800, 800, 800, 800, 800, 800, 800, 800, 800, 800,
	800, 800, 800, 800, 800, 800, 800, 800, 800, 800, 800, 800, 800, 800, 800, 800, 800, 800,
	800, 800, 800, 800, 800, 800, 800, 800, 800, 800, 800, 800, 800, 800, 800, 800, 800, 800,
}
UpperImageLimit = {
	2400, 2400, 2400, 2400, 2400, 2400, 2400, 2400, 2400, 2400, 2400, 2400, 2400, 2400, 2400, 2400, 2400, 2400,
	2400, 2400, 2400, 2400, 2400, 2400, 2400, 2400, 2400, 2400, 2400, 2400, 2400, 2400, 2400, 2400, 2400, 2400,
	2400, 2400, 2400, 2400, 2400, 2400, 2400, 2400, 2400, 2400, 2400, 2400, 2400, 2400, 2400, 2400, 2400, 2400,
	2400, 2400, 2400, 2400, 2400, 2400, 2400, 2400, 2400, 2400, 2400, 2400, 2400, 2400, 2400, 2400, 2400, 2400,
	2400, 2400, 2400, 2400, 2400, 2400, 2400, 2400, 2400, 2400, 2400, 2400, 2400, 2400, 2400, 2400, 2400, 2400,
	2400, 2400, 2400, 2400, 2400, 2400, 2400, 2400, 2400, 2400, 2400, 2400, 2400, 2400, 2400, 2400, 2400, 2400,
	2400, 2400, 2400, 2400, 2400, 2400, 2400, 2400, 2400, 2400, 2400, 2400, 2400, 2400, 2400, 2400, 2400, 2400,
	2400, 2400, 2400, 2400, 2400, 2400, 2400, 2400, 2400, 2400, 2400, 2400, 2400, 2400, 2400, 2400, 2400, 2400,
	2400, 2400, 2400, 2400, 2400, 2400, 2400, 2400, 2400, 2400, 2400, 2400, 2400, 2400, 2400, 2400, 2400, 2400,
	2400, 2400, 2400, 2400, 2400, 2400, 2400, 2400, 2400, 2400, 2400, 2400, 2400, 2400, 2400, 2400, 2400, 2400,
	2400, 2400, 2400, 2400, 2400, 2400, 2400, 2400, 2400, 2400, 2400, 2400, 2400, 2400, 2400, 2400, 2400, 2400,
	2400, 2400, 2400, 2400, 2400, 2400, 2400, 2400, 2400, 2400, 2400, 2400, 2400, 2400, 2400, 2400, 2400, 2400,
	2400, 2400, 2400, 2400, 2400, 2400, 2400, 2400, 2400, 2400, 2400, 2400, 2400, 2400, 2400, 2400, 2400, 2400,
	2400, 2400, 2400, 2400, 2400, 2400, 2400, 2400, 2400, 2400, 2400, 2400, 2400, 2400, 2400, 2400, 2400, 2400,
	2400, 2400, 2400, 2400, 2400, 2400, 2400, 2400, 2400, 2400, 2400, 2400, 2400, 2400, 2400, 2400, 2400, 2400,
	2400, 2400, 2400, 2400, 2400, 2400, 2400, 2400, 2400, 2400, 2400, 2400, 2400, 2400, 2400, 2400, 2400, 2400,
	2400, 2400, 2400, 2400, 2400, 2400, 2400, 2400, 2400, 2400, 2400, 2400, 2400, 2400, 2400, 2400, 2400, 2400,
	2400, 2400, 2400, 2400, 2400, 2400, 2400, 2400, 2400, 2400, 2400, 2400, 2400, 2400, 2400, 2400, 2400, 2400,
	2400, 2400, 2400, 2400, 2400, 2400, 2400, 2400, 2400, 2400, 2400, 2400, 2400, 2400, 2400, 2400, 2400, 2400,
	2400, 2400, 2400, 2400, 2400, 2400, 2400, 2400, 2400, 2400, 2400, 2400, 2400, 2400, 2400, 2400, 2400, 2400,
	2400, 2400, 2400, 2400, 2400, 2400, 2400, 2400, 2400, 2400, 2400, 2400, 2400, 2400, 2400, 2400, 2400, 2400,
	2400, 2400, 2400, 2400, 2400, 2400, 2400, 2400, 2400, 2400, 2400, 2400, 2400, 2400, 2400, 2400, 2400, 2400,
	2400, 2400, 2400, 2400, 2400, 2400, 2400, 2400, 2400, 2400, 2400, 2400, 2400, 2400, 2400, 2400, 2400, 2400,
	2400, 2400, 2400, 2400, 2400, 2400, 2400, 2400, 2400, 2400, 2400, 2400, 2400, 2400, 2400, 2400, 2400, 2400,
	2400, 2400, 2400, 2400, 2400, 2400, 2400, 2400, 2400, 2400, 2400, 2400, 2400, 2400, 2400, 2400, 2400, 2400,
	2400, 2400, 2400, 2400, 2400, 2400, 2400, 2400, 2400, 2400, 2400, 2400, 2400, 2400, 2400, 2400, 2400, 2400,
	2400, 2400, 2400, 2400, 2400, 2400, 2400, 2400, 2400, 2400, 2400, 2400, 2400, 2400, 2400, 2400, 2400, 2400,
	2400, 2400, 2400, 2400, 2400, 2400, 2400, 2400, 2400, 2400, 2400, 2400, 2400, 2400, 2400, 2400, 2400, 2400,
	2400, 2400, 2400, 2400, 2400, 2400, 2400, 2400, 2400, 2400, 2400, 2400, 2400, 2400, 2400, 2400, 2400, 2400,
	2400, 2400, 2400, 2400, 2400, 2400, 2400, 2400, 2400, 2400, 2400, 2400, 2400, 2400, 2400, 2400, 2400, 2400,
	2400, 2400, 2400, 2400, 2400, 2400, 2400, 2400, 2400, 2400, 2400, 2400, 2400, 2400, 2400, 2400, 2400, 2400,
	2400, 2400, 2400, 2400, 2400, 2400, 2400, 2400, 2400, 2400, 2400, 2400, 2400, 2400, 2400, 2400, 2400, 2400,
}
